5.200000000000000000e+03 5.239034503656594260e-02
5.200600000000000364e+03 1.907005975427622235e-01
5.201199999999999818e+03 -1.955961208790608641e-01
5.201800000000000182e+03 2.717931241183924596e-01
5.202399999999999636e+03 -8.788572364093603928e-02
5.203000000000000000e+03 4.187330019048086660e-01
5.203600000000000364e+03 -3.687564383587347838e-01
5.204199999999999818e+03 -5.866702527296957514e-01
5.204800000000000182e+03 -4.379906186517598110e-01
5.205399999999999636e+03 5.760613324262881668e-02
5.206000000000000000e+03 5.318632393874582753e-01
5.206600000000000364e+03 5.421217713056460941e-01
5.207199999999999818e+03 -3.896848672586414875e-01
5.207800000000000182e+03 -3.626699041820078961e-01
5.208399999999999636e+03 -3.944336897071569203e-01
5.209000000000000000e+03 3.814613398497037622e-01
5.209600000000000364e+03 2.035892786889974548e-01
5.210199999999999818e+03 -2.342566096917088891e-01
5.210800000000000182e+03 1.626020498881400878e-01
5.211399999999999636e+03 3.524852478038379977e-01
5.212000000000000000e+03 -2.849548742368075357e-02
5.212600000000000364e+03 2.477603502023611182e-01
5.213199999999999818e+03 -1.799328158883801709e-01
5.213800000000000182e+03 5.409026046338217819e-01
5.214399999999999636e+03 -2.818406071530349388e-02
5.215000000000000000e+03 -5.684796634443238794e-01
5.215600000000000364e+03 4.084668726412600814e-01
5.216199999999999818e+03 -7.908835976660454070e-02
5.216800000000000182e+03 -2.169078178165700366e-01
5.217399999999999636e+03 -2.323639530532436159e-01
5.218000000000000000e+03 4.091739434734829595e-01
5.218600000000000364e+03 2.609735699344267745e-02
5.219199999999999818e+03 -1.138943116333658967e+00
5.219800000000000182e+03 -1.846851269719933242e-01
5.220399999999999636e+03 -8.285248256541603851e-02
5.221000000000000000e+03 3.531710112563296589e-01
5.221600000000000364e+03 4.507586603211282128e-01
5.222199999999999818e+03 2.097590807741435415e-01
5.222800000000000182e+03 -5.493039835372436341e-01
5.223399999999999636e+03 -4.737493153376693411e-01
5.224000000000000000e+03 -1.021584244735333602e+00
5.224600000000000364e+03 3.876914613293174772e-01
5.225199999999999818e+03 -4.075910288453733765e-02
5.225800000000000182e+03 -1.427036728230529627e-01
5.226399999999999636e+03 -5.579422442179643449e-01
5.227000000000000000e+03 6.397096299097658756e-01
5.227600000000000364e+03 -5.293331966913091824e-01
5.228199999999999818e+03 -2.412533192111016023e-01
5.228800000000000182e+03 -1.703102360433513540e-01
5.229399999999999636e+03 4.266821207840003072e-01
5.230000000000000000e+03 2.600648654585005493e-01
5.230600000000000364e+03 1.191468268439290767e-01
5.231199999999999818e+03 8.334493461932481750e-01
5.231800000000000182e+03 -4.574639599391595590e-01
5.232399999999999636e+03 -1.779537169061471968e-01
5.233000000000000000e+03 5.338021919799661452e-01
5.233600000000000364e+03 7.747446783980243001e-01
5.234199999999999818e+03 5.370522541870397237e-01
5.234800000000000182e+03 -1.566506528816094534e-01
5.235399999999999636e+03 -1.136424050725896251e+00
5.236000000000000000e+03 -1.090567338789798085e-01
5.236600000000000364e+03 5.445145442643668510e-01
5.237199999999999818e+03 -7.863541845311541878e-02
5.237800000000000182e+03 4.332911291396582265e-01
5.238399999999999636e+03 2.051203727493097206e-01
5.239000000000000000e+03 -6.547505256724663880e-01
5.239600000000000364e+03 -3.400808207956018681e-01
5.240199999999999818e+03 -5.709333911803416983e-01
5.240800000000000182e+03 -1.567859863253131814e-01
5.241399999999999636e+03 -6.507410933808854825e-01
5.242000000000000000e+03 9.812789372194191673e-01
5.242600000000000364e+03 -1.977294520999050287e-01
5.243199999999999818e+03 -4.825000077802944487e-01
5.243800000000000182e+03 -8.777193970983520055e-01
5.244399999999999636e+03 -9.291512310180755074e-02
5.245000000000000000e+03 -1.823574187454003181e-01
5.245600000000000364e+03 5.607483932200382770e-02
5.246199999999999818e+03 1.778742504069035224e-01
5.246800000000000182e+03 -8.684042020019194785e-02
5.247399999999999636e+03 -1.222463228993198314e-01
5.248000000000000000e+03 1.058330501338635155e-01
5.248600000000000364e+03 1.148516396770586506e-01
5.249199999999999818e+03 4.711492443581168088e-02
5.249800000000000182e+03 -4.500718842260086894e-01
5.250399999999999636e+03 -2.126750354169530122e-01
5.251000000000000000e+03 -1.698583557875571470e-01
5.251600000000000364e+03 1.976440510616102042e-01
5.252199999999999818e+03 -1.806640210050609041e-01
5.252800000000000182e+03 1.775506656816980833e-01
5.253399999999999636e+03 3.829607834477979367e-01
5.254000000000000000e+03 -2.859536750187104473e-02
5.254600000000000364e+03 3.824272507926640419e-01
5.255199999999999818e+03 -1.785038867309791111e-01
5.255800000000000182e+03 -6.509701630851484622e-02
5.256399999999999636e+03 -5.980934219112553629e-01
5.257000000000000000e+03 -7.487879360893058278e-01
5.257600000000000364e+03 -5.344628245429371149e-02
5.258199999999999818e+03 -3.304923645786877473e-01
5.258800000000000182e+03 -5.435060442421471016e-01
5.259399999999999636e+03 7.790105798557778183e-01
5.260000000000000000e+03 -7.125545914554476390e-02
5.260600000000000364e+03 -7.345371959615141222e-01
5.261199999999999818e+03 6.423963703307475348e-02
5.261800000000000182e+03 -1.882779977883075329e-01
5.262399999999999636e+03 1.892232489651393679e-01
5.263000000000000000e+03 -4.118568002216285717e-01
5.263600000000000364e+03 -2.850308304794709757e-01
5.264199999999999818e+03 -6.690395037166273484e-01
5.264800000000000182e+03 -2.779943543471051770e-01
5.265399999999999636e+03 -4.461881140818441116e-01
5.266000000000000000e+03 -5.895423609668104525e-01
5.266600000000000364e+03 6.992390951228727447e-01
5.267199999999999818e+03 -1.595189801429967857e-01
5.267800000000000182e+03 -4.586774319723131016e-02
5.268399999999999636e+03 -6.839417278842679915e-01
5.269000000000000000e+03 -1.403304633876102311e-02
5.269600000000000364e+03 -7.325931136727358295e-01
5.270199999999999818e+03 -4.563383888832460156e-01
5.270800000000000182e+03 -5.610325946846728834e-02
5.271399999999999636e+03 5.894412203078160939e-01
5.272000000000000000e+03 -1.180989729982432901e-01
5.272600000000000364e+03 -3.239392813715372688e-01
5.273199999999999818e+03 6.671568727025833923e-02
5.273800000000000182e+03 1.008828822066366815e+00
5.274399999999999636e+03 6.644184988146385473e-01
5.275000000000000000e+03 -5.225347576441700115e-01
5.275600000000000364e+03 1.217269034714237030e-01
5.276199999999999818e+03 -1.924655520806806686e-01
5.276800000000000182e+03 9.344523641951651971e-01
5.277399999999999636e+03 -3.034082582235411163e-01
5.278000000000000000e+03 -3.748487748624491633e-01
5.278600000000000364e+03 5.849355310121381879e-02
5.279199999999999818e+03 5.242188869671945417e-01
5.279800000000000182e+03 -1.106363230892929012e-01
5.280399999999999636e+03 4.980468054368878371e-03
5.281000000000000000e+03 -1.533686734176869237e-01
5.281600000000000364e+03 3.283122241546392733e-02
5.282199999999999818e+03 -7.834661285234445494e-01
5.282800000000000182e+03 -9.983713326310663660e-01
5.283399999999999636e+03 1.805730254443371763e-01
5.284000000000000000e+03 8.542415956365730922e-01
5.284600000000000364e+03 -3.132956044680276775e-01
5.285199999999999818e+03 -6.682553121895414006e-02
5.285800000000000182e+03 -3.581612926521386409e-01
5.286399999999999636e+03 -3.010821649227515134e-02
5.287000000000000000e+03 1.263690861923441044e-01
5.287600000000000364e+03 6.863524655442700961e-01
5.288199999999999818e+03 -3.235327554607791978e-01
5.288800000000000182e+03 3.771515161462174470e-01
5.289399999999999636e+03 -2.091870077302495357e-01
5.290000000000000000e+03 4.589129790855918101e-01
5.290600000000000364e+03 7.431275898075732078e-01
5.291199999999999818e+03 3.774778493460555495e-01
5.291800000000000182e+03 3.126162369574620944e-03
5.292399999999999636e+03 1.547428239003915129e-01
5.293000000000000000e+03 -3.343632024871410341e-02
5.293600000000000364e+03 -6.451760250731625179e-01
5.294199999999999818e+03 -3.197494798939115590e-01
5.294800000000000182e+03 1.940277972431508346e-01
5.295399999999999636e+03 -5.053465188734930225e-01
5.296000000000000000e+03 -6.338591123042052189e-01
5.296600000000000364e+03 -2.376679129884847266e-02
5.297199999999999818e+03 -1.061113732652065655e+00
5.297800000000000182e+03 5.278211831042485258e-01
5.298399999999999636e+03 3.934933567557816758e-01
5.299000000000000000e+03 1.103586236154626699e+00
5.299600000000000364e+03 6.207204538617724365e-01
5.300199999999999818e+03 -7.358946506126934350e-01
5.300800000000000182e+03 -2.784505856584307271e-01
5.301399999999999636e+03 6.713102310567597986e-01
5.302000000000000000e+03 -1.316357238718310896e+00
5.302600000000000364e+03 -2.700104772861505742e-01
5.303199999999999818e+03 -8.206882638077203640e-02
5.303800000000000182e+03 4.208397025271798375e-01
5.304399999999999636e+03 -1.659889621905499546e-01
5.305000000000000000e+03 -9.820112496358056609e-01
5.305600000000000364e+03 1.511448793426717618e-01
5.306199999999999818e+03 3.623424220901927950e-01
5.306800000000000182e+03 -6.315781789097247856e-01
5.307399999999999636e+03 -5.259868598988296506e-01
5.308000000000000000e+03 1.474912354860655750e-01
5.308600000000000364e+03 2.773684392222241502e-01
5.309199999999999818e+03 1.905396537298323922e-01
5.309800000000000182e+03 -1.847222024284160546e-01
5.310399999999999636e+03 -3.541985857236665258e-01
5.311000000000000000e+03 -3.075459999749960427e-01
5.311600000000000364e+03 -5.468994985016376598e-01
5.312199999999999818e+03 -3.164086268779073285e-01
5.312800000000000182e+03 -4.487715855367803153e-01
5.313399999999999636e+03 -5.582297728446120599e-01
5.314000000000000000e+03 -4.363304881857542616e-01
5.314600000000000364e+03 -1.049590882029323852e-01
5.315199999999999818e+03 -1.091011798546723394e-01
5.315800000000000182e+03 1.709785401216895317e-01
5.316399999999999636e+03 -6.716247232807877332e-02
5.317000000000000000e+03 -4.248724178771771665e-01
5.317600000000000364e+03 6.706313228144402672e-01
5.318199999999999818e+03 -8.409399153245646907e-01
5.318800000000000182e+03 -5.593116271626876745e-01
5.319399999999999636e+03 3.283041665420495248e-01
5.320000000000000000e+03 1.118709636625637022e-01
5.320600000000000364e+03 -1.255793255056261160e-01
5.321199999999999818e+03 3.195482081282154940e-01
5.321800000000000182e+03 4.896796972160468719e-01
5.322399999999999636e+03 -6.838239571652132698e-01
5.323000000000000000e+03 2.273642539829993092e-01
5.323600000000000364e+03 -3.819361513072188075e-01
5.324199999999999818e+03 3.392785359206704904e-02
5.324800000000000182e+03 1.965890759393706666e-01
5.325399999999999636e+03 1.077780702139638225e-01
5.326000000000000000e+03 4.484825619940517871e-01
5.326600000000000364e+03 -1.818013608834542771e-01
5.327199999999999818e+03 9.783083438534274645e-01
5.327800000000000182e+03 4.153433933443861359e-01
5.328399999999999636e+03 -7.780484458210382703e-01
5.329000000000000000e+03 8.290280673724370608e-02
5.329600000000000364e+03 1.776436905147067424e-01
5.330199999999999818e+03 -4.840453288842171409e-01
5.330800000000000182e+03 5.816303890364047519e-02
5.331399999999999636e+03 -1.428998737030008903e-01
5.332000000000000000e+03 -7.530541443560088144e-01
5.332600000000000364e+03 -8.269171046853701634e-01
5.333199999999999818e+03 -8.794745642023101828e-01
5.333800000000000182e+03 7.529297575493010264e-01
5.334399999999999636e+03 3.875143875954152328e-01
5.335000000000000000e+03 -7.321009870097875405e-01
5.335600000000000364e+03 1.958178300758940948e-01
5.336199999999999818e+03 4.485366637840614845e-01
5.336800000000000182e+03 -7.784614383346610822e-01
5.337399999999999636e+03 -1.854754213983275321e-02
5.338000000000000000e+03 -3.866623485765419144e-02
5.338600000000000364e+03 -2.235626324446856467e-02
5.339199999999999818e+03 4.318284727553563518e-01
5.339800000000000182e+03 -7.244012947164403249e-01
5.340399999999999636e+03 1.832689657745532885e-02
5.341000000000000000e+03 -3.299670085752063331e-01
5.341600000000000364e+03 -5.270801407682656342e-02
5.342199999999999818e+03 -6.886472099034179895e-01
5.342800000000000182e+03 -8.993412676381893345e-01
5.343399999999999636e+03 -1.375132727550576750e-01
5.344000000000000000e+03 -4.865042391377976116e-01
5.344600000000000364e+03 -4.587963865356340931e-01
5.345199999999999818e+03 -6.015112296454855345e-01
5.345800000000000182e+03 -1.797908559213200475e-01
5.346399999999999636e+03 4.749048484286446659e-01
5.347000000000000000e+03 -8.282125440785599313e-01
5.347600000000000364e+03 -4.485687328668386820e-01
5.348199999999999818e+03 -1.096560528128384254e-01
5.348800000000000182e+03 -1.295479123529107213e+00
5.349399999999999636e+03 -1.281259412605269266e-01
5.350000000000000000e+03 -6.275515315515742820e-01
5.350600000000000364e+03 1.279353378300266408e+00
5.351199999999999818e+03 1.063221829571217164e-01
5.351800000000000182e+03 5.873431121467868055e-01
5.352399999999999636e+03 -3.625641760634074617e-01
5.353000000000000000e+03 4.198187583523722323e-03
5.353600000000000364e+03 -6.501730882300091885e-01
5.354199999999999818e+03 3.672823558119581860e-02
5.354800000000000182e+03 9.043726156305634811e-01
5.355399999999999636e+03 -1.684047927235933773e-01
5.356000000000000000e+03 1.022613561305684565e-01
5.356600000000000364e+03 1.010219996760104294e-01
5.357199999999999818e+03 -3.452907105721751413e-01
5.357800000000000182e+03 1.157678497764930564e-01
5.358399999999999636e+03 -3.480629731994193121e-01
5.359000000000000000e+03 -6.761393528256164354e-01
5.359600000000000364e+03 1.329545426415106590e-01
5.360199999999999818e+03 -6.912450759594037653e-01
5.360800000000000182e+03 1.188006835734563421e-01
5.361399999999999636e+03 3.610698172326176070e-01
5.362000000000000000e+03 -7.855846194744496858e-01
5.362600000000000364e+03 1.579084089819933756e-01
5.363199999999999818e+03 -2.572481554632745082e-01
5.363800000000000182e+03 -1.038302702456839061e-01
5.364399999999999636e+03 -1.194120586530703410e+00
5.365000000000000000e+03 -3.907286205616292696e-01
5.365600000000000364e+03 -9.395810640501042754e-02
5.366199999999999818e+03 -4.850368898834489517e-02
5.366800000000000182e+03 -1.127914978005630120e+00
5.367399999999999636e+03 2.314600509239029269e-01
5.368000000000000000e+03 3.246367153742215073e-01
5.368600000000000364e+03 8.689208834322296182e-01
5.369199999999999818e+03 3.741045006314199228e-01
5.369800000000000182e+03 -4.519307515297603661e-01
5.370399999999999636e+03 -2.396527127158001869e-01
5.371000000000000000e+03 -5.589268955238330117e-01
5.371600000000000364e+03 -6.803140326344524480e-01
5.372199999999999818e+03 -3.775163557109817991e-01
5.372800000000000182e+03 7.562526151644644035e-01
5.373399999999999636e+03 -8.230700473558789643e-01
5.374000000000000000e+03 5.413402814576693256e-01
5.374600000000000364e+03 -6.476792960394469612e-01
5.375199999999999818e+03 1.598251934880868530e-01
5.375800000000000182e+03 -4.030503312982179620e-02
5.376399999999999636e+03 4.037634435101520314e-01
5.377000000000000000e+03 -9.190805046298062830e-01
5.377600000000000364e+03 -9.827646756204005962e-02
5.378199999999999818e+03 -2.798914430402646425e-01
5.378800000000000182e+03 -6.586343003547261432e-01
5.379399999999999636e+03 4.610522862054197701e-02
5.380000000000000000e+03 4.524720754592478356e-01
5.380600000000000364e+03 -4.729745023364663181e-01
5.381199999999999818e+03 3.942651518113652886e-01
5.381800000000000182e+03 4.528923427354237807e-01
5.382399999999999636e+03 2.690391097822387723e-01
5.383000000000000000e+03 -4.092953125523415316e-03
5.383600000000000364e+03 -6.131455266226272238e-01
5.384199999999999818e+03 1.695213200561191402e-01
5.384800000000000182e+03 5.069731399446865128e-01
5.385399999999999636e+03 1.260738426986117433e-01
5.386000000000000000e+03 1.494004464202650095e-01
5.386600000000000364e+03 5.898859579330370528e-02
5.387199999999999818e+03 -5.933597643965557999e-01
5.387800000000000182e+03 -1.006472343879765585e+00
5.388399999999999636e+03 4.940148831381837441e-02
5.389000000000000000e+03 2.713838238178917228e-01
5.389600000000000364e+03 -1.450490349673401180e-01
5.390199999999999818e+03 7.619835062986727303e-01
5.390800000000000182e+03 -8.022692876607072643e-01
5.391399999999999636e+03 4.796134486250654971e-01
5.392000000000000000e+03 9.338176480719603823e-02
5.392600000000000364e+03 1.236958305822054988e-03
5.393199999999999818e+03 4.114151353581997350e-01
5.393800000000000182e+03 -7.208595777968991314e-01
5.394399999999999636e+03 -5.244159447996812329e-01
5.395000000000000000e+03 -7.178678241059158749e-01
5.395600000000000364e+03 4.539257475021827443e-02
5.396199999999999818e+03 5.338558480094226510e-01
5.396800000000000182e+03 1.780825753550868140e-01
5.397399999999999636e+03 -5.026576543256723317e-01
5.398000000000000000e+03 -6.497452456380801156e-01
5.398600000000000364e+03 -4.517828410855233012e-01
5.399199999999999818e+03 5.353516875427802857e-01
5.399800000000000182e+03 2.626722935923642838e-02
5.400399999999999636e+03 5.660871017429834097e-03
5.401000000000000000e+03 -3.655632362408267055e-01
5.401600000000000364e+03 7.525488284539116890e-02
5.402199999999999818e+03 7.300713690548070733e-01
5.402800000000000182e+03 9.168706055420198231e-01
5.403399999999999636e+03 2.247557737787791721e-01
5.404000000000000000e+03 -3.892133054413955962e-01
5.404600000000000364e+03 4.574471862544719492e-01
5.405199999999999818e+03 4.360731568974453021e-01
5.405800000000000182e+03 5.572851701467778085e-01
5.406399999999999636e+03 5.957953815653131702e-02
5.407000000000000000e+03 -1.519466976883791787e-01
5.407600000000000364e+03 3.589328856052274586e-01
5.408199999999999818e+03 -3.205070422567837252e-01
5.408800000000000182e+03 1.154789874202788669e+00
5.409399999999999636e+03 -8.203170226837712409e-02
5.410000000000000000e+03 -5.817194964229008836e-01
5.410600000000000364e+03 1.931004839721692790e-01
5.411199999999999818e+03 -4.860157836154072597e-01
5.411800000000000182e+03 3.016919977142380471e-01
5.412399999999999636e+03 1.867641232700965881e-01
5.413000000000000000e+03 -8.392502552838082552e-01
5.413600000000000364e+03 8.458815768951408187e-02
5.414199999999999818e+03 3.300558886398504699e-01
5.414800000000000182e+03 -1.398662722076874643e-01
5.415399999999999636e+03 8.262757707930448170e-01
5.416000000000000000e+03 -2.171157604452995590e-02
5.416600000000000364e+03 -3.486025078325097337e-02
5.417199999999999818e+03 -7.940897940164967639e-02
5.417800000000000182e+03 -4.481131015630022280e-02
5.418399999999999636e+03 -1.963325631876282062e-01
5.419000000000000000e+03 -6.031143652125461330e-01
5.419600000000000364e+03 4.992829646654741715e-01
5.420199999999999818e+03 -7.692952818216090005e-01
5.420800000000000182e+03 -9.834454590099438454e-01
5.421399999999999636e+03 6.351010859321264412e-01
5.422000000000000000e+03 6.150814899458894036e-01
5.422600000000000364e+03 -3.814913312215106322e-01
5.423199999999999818e+03 6.710492552607361105e-01
5.423800000000000182e+03 1.686616165609602092e-01
5.424399999999999636e+03 -3.740897552806219384e-01
5.425000000000000000e+03 -1.071219685861002580e+00
5.425600000000000364e+03 -5.064691629197883849e-01
5.426199999999999818e+03 -5.251782214956123296e-01
5.426800000000000182e+03 3.258142154194600959e-01
5.427399999999999636e+03 -1.265336575506657291e-01
5.428000000000000000e+03 -2.794161029169641153e-01
5.428600000000000364e+03 3.213790245744455598e-01
5.429199999999999818e+03 3.187138402287852945e-01
5.429800000000000182e+03 5.620583443528849310e-01
5.430399999999999636e+03 2.527738238931596659e-01
5.431000000000000000e+03 1.870941841294141428e-01
5.431600000000000364e+03 7.479564538164049647e-01
5.432199999999999818e+03 1.282620389134357664e-01
5.432800000000000182e+03 -8.792054511934119243e-02
5.433399999999999636e+03 6.664391348965759132e-02
5.434000000000000000e+03 -2.413144756287312898e-01
5.434600000000000364e+03 -8.496102622037071672e-02
5.435199999999999818e+03 -8.472998937481145132e-02
5.435800000000000182e+03 2.342459039838586804e-02
5.436399999999999636e+03 -3.831416721262040359e-03
5.437000000000000000e+03 6.554479552400114262e-01
5.437600000000000364e+03 3.182607666258591705e-01
5.438199999999999818e+03 -2.333155426668986898e-01
5.438800000000000182e+03 9.553453602996756500e-01
5.439399999999999636e+03 -3.544050124968751714e-01
5.440000000000000000e+03 4.475356701407996463e-01
5.440600000000000364e+03 4.238011197320195600e-01
5.441199999999999818e+03 -4.306304654382234753e-01
5.441800000000000182e+03 -1.462392842715688479e-01
5.442399999999999636e+03 -1.160899748361969575e-01
5.443000000000000000e+03 -1.608106461316362035e-01
5.443600000000000364e+03 -3.959025158656300225e-01
5.444199999999999818e+03 1.406743374652325906e+00
5.444800000000000182e+03 5.650810730727424680e-01
5.445399999999999636e+03 3.923441091185451146e-01
5.446000000000000000e+03 8.472193649078068045e-01
5.446600000000000364e+03 -1.365646072799546196e-01
5.447199999999999818e+03 -7.077965347456401934e-01
5.447800000000000182e+03 9.519402816951676449e-01
5.448399999999999636e+03 4.491606974511651029e-01
5.449000000000000000e+03 6.791241794500902929e-01
5.449600000000000364e+03 7.420969010502131979e-02
5.450199999999999818e+03 3.425752975878348927e-01
5.450800000000000182e+03 -4.234117180428979554e-01
5.451399999999999636e+03 2.458615189651240374e-01
5.452000000000000000e+03 -4.415780340371760482e-01
5.452600000000000364e+03 -2.115964311258168862e-01
5.453199999999999818e+03 -4.584379642688509171e-01
5.453800000000000182e+03 6.432535269951069612e-01
5.454399999999999636e+03 3.914175504711146503e-01
5.455000000000000000e+03 1.691616197814306000e-01
5.455600000000000364e+03 8.440014031978385622e-01
5.456199999999999818e+03 1.471025874513847143e-01
5.456800000000000182e+03 -5.856994069546788140e-01
5.457399999999999636e+03 -5.754232425433991605e-01
5.458000000000000000e+03 -5.892413749308502702e-01
5.458600000000000364e+03 -8.253724539298434859e-01
5.459199999999999818e+03 -1.753901893304604664e-02
5.459800000000000182e+03 2.544975641208290229e-01
5.460399999999999636e+03 6.936134739096184720e-01
5.461000000000000000e+03 2.447564054449356263e-01
5.461600000000000364e+03 -5.829710563900419862e-02
5.462199999999999818e+03 -1.579256256529271707e-01
5.462800000000000182e+03 -3.244290142312046821e-01
5.463399999999999636e+03 3.917500816962307120e-01
5.464000000000000000e+03 1.984690819803688611e-01
5.464600000000000364e+03 2.331684631760033710e-01
5.465199999999999818e+03 3.334317702696780183e-01
5.465800000000000182e+03 1.022087153729179521e-01
5.466399999999999636e+03 5.829101453045684167e-01
5.467000000000000000e+03 -5.129195458006302610e-02
5.467600000000000364e+03 6.024269353028932628e-01
5.468199999999999818e+03 4.682916667601588756e-02
5.468800000000000182e+03 6.748867720215330213e-01
5.469399999999999636e+03 -5.168696197802163939e-02
5.470000000000000000e+03 4.821739496517867263e-01
5.470600000000000364e+03 1.039655315657558310e+00
5.471199999999999818e+03 9.075151460276575932e-02
5.471800000000000182e+03 1.241049792043958488e+00
5.472399999999999636e+03 -1.208815112468080710e-01
5.473000000000000000e+03 1.228665920468703598e+00
5.473600000000000364e+03 -8.373595559343566253e-02
5.474199999999999818e+03 1.648345596658010503e+00
5.474800000000000182e+03 -5.968252877522766120e-01
5.475399999999999636e+03 1.104507563443140494e+00
5.476000000000000000e+03 1.056674622690935372e+00
5.476600000000000364e+03 8.953724112548986369e-01
5.477199999999999818e+03 7.764572113625154426e-01
5.477800000000000182e+03 3.855890226542221244e-01
5.478399999999999636e+03 1.145431916367599889e+00
5.479000000000000000e+03 -4.972062961243839396e-01
5.479600000000000364e+03 7.528692655725451877e-01
5.480199999999999818e+03 -2.717164981422686143e-01
5.480800000000000182e+03 7.289475985004063574e-01
5.481399999999999636e+03 1.399715033660452246e+00
5.482000000000000000e+03 5.349886097514189309e-01
5.482600000000000364e+03 4.302883608701961737e-01
5.483199999999999818e+03 4.106093622256112852e-03
5.483800000000000182e+03 2.126424943091287378e-01
5.484399999999999636e+03 6.890046379354384243e-01
5.485000000000000000e+03 4.567800094147668188e-01
5.485600000000000364e+03 2.458779364495655706e-02
5.486199999999999818e+03 4.970978809029470424e-01
5.486800000000000182e+03 5.839412473465697140e-01
5.487399999999999636e+03 2.043839349537859285e+00
5.488000000000000000e+03 6.571024963240275074e-01
5.488600000000000364e+03 1.307067558878993063e+00
5.489199999999999818e+03 -1.139813007775898335e-01
5.489800000000000182e+03 7.776598053160865831e-01
5.490399999999999636e+03 6.968014436903169351e-01
5.491000000000000000e+03 9.615918322567804655e-01
5.491600000000000364e+03 5.099039413084658356e-01
5.492199999999999818e+03 1.171996456640255202e+00
5.492800000000000182e+03 4.852706069451554471e-01
5.493399999999999636e+03 1.318255758798543065e+00
5.494000000000000000e+03 8.947282924278858740e-01
5.494600000000000364e+03 5.756784761596791533e-01
5.495199999999999818e+03 2.764066766400390951e-01
5.495800000000000182e+03 8.143513834254969552e-01
5.496399999999999636e+03 -1.408465436342112298e-01
5.497000000000000000e+03 9.245176996126154290e-01
5.497600000000000364e+03 5.624056243146535738e-01
5.498199999999999818e+03 1.009114143157066712e+00
5.498800000000000182e+03 9.332867592678830704e-01
5.499399999999999636e+03 4.695272185123322006e-01
5.500000000000000000e+03 7.253680231615805551e-01
5.500600000000000364e+03 8.253808460420947180e-01
5.501199999999999818e+03 1.195308357910109365e+00
5.501800000000000182e+03 2.976603890824026655e-01
5.502399999999999636e+03 2.303244614867614448e+00
5.503000000000000000e+03 2.270976727083686142e-01
5.503600000000000364e+03 -9.218512437473724841e-02
5.504199999999999818e+03 -1.954990185337441844e-01
5.504800000000000182e+03 1.625973614885030116e+00
5.505399999999999636e+03 8.544440294955470971e-01
5.506000000000000000e+03 4.580609321125493905e-01
5.506600000000000364e+03 -4.509453863438670496e-01
5.507199999999999818e+03 5.693535457349646611e-01
5.507800000000000182e+03 7.994848435561199285e-01
5.508399999999999636e+03 1.386567178521819210e-01
5.509000000000000000e+03 9.166286969358072856e-01
5.509600000000000364e+03 2.422740880947352182e-01
5.510199999999999818e+03 4.463502706055586522e-01
5.510800000000000182e+03 -1.093858363397871569e-01
5.511399999999999636e+03 6.962300685399676059e-01
5.512000000000000000e+03 4.404101391605824700e-01
5.512600000000000364e+03 1.478354248325052467e+00
5.513199999999999818e+03 9.264103877059637338e-02
5.513800000000000182e+03 5.531171740875665543e-01
5.514399999999999636e+03 1.122411400243378488e+00
5.515000000000000000e+03 7.621264772664897436e-01
5.515600000000000364e+03 1.564925858997012198e-01
5.516199999999999818e+03 6.596944304048408814e-01
5.516800000000000182e+03 6.745325081223332297e-01
5.517399999999999636e+03 7.336508273231817645e-01
5.518000000000000000e+03 -1.210831618085994599e-02
5.518600000000000364e+03 5.553296201499087204e-01
5.519199999999999818e+03 4.851918253802767755e-01
5.519800000000000182e+03 4.999753547095431294e-02
5.520399999999999636e+03 3.613643929709557945e-01
5.521000000000000000e+03 4.868821208748047580e-02
5.521600000000000364e+03 3.591303187132437458e-01
5.522199999999999818e+03 -4.447960406759965402e-01
5.522800000000000182e+03 -8.765277246983382842e-02
5.523399999999999636e+03 -1.190241573585865131e-02
5.524000000000000000e+03 6.166432200080761428e-01
5.524600000000000364e+03 4.998495050692415287e-01
5.525199999999999818e+03 5.885176666206878293e-01
5.525800000000000182e+03 -1.068253223483731640e-01
5.526399999999999636e+03 1.227730334054836003e+00
5.527000000000000000e+03 7.369518443241661609e-01
5.527600000000000364e+03 1.034796369083308187e+00
5.528199999999999818e+03 1.418832253510499797e+00
5.528800000000000182e+03 -1.632264479864059536e-02
5.529399999999999636e+03 7.687769119264331596e-01
5.530000000000000000e+03 6.925561762837395552e-01
5.530600000000000364e+03 4.450622015700707590e-01
5.531199999999999818e+03 -5.954706239903806431e-02
5.531800000000000182e+03 7.251181163021269693e-01
5.532399999999999636e+03 4.780958747672044984e-01
5.533000000000000000e+03 -8.860437348470893149e-01
5.533600000000000364e+03 -4.298376494782789603e-01
5.534199999999999818e+03 1.255699832573212049e+00
5.534800000000000182e+03 1.417027862008899686e-01
5.535399999999999636e+03 -8.636296268224219475e-02
5.536000000000000000e+03 -1.452529492012079593e-01
5.536600000000000364e+03 -2.573491044125295613e-01
5.537199999999999818e+03 2.971826194405434163e-01
5.537800000000000182e+03 -8.066565072844339435e-02
5.538399999999999636e+03 8.914794712348912409e-01
5.539000000000000000e+03 4.284878608899738706e-01
5.539600000000000364e+03 8.393133812501546442e-02
5.540199999999999818e+03 3.668914493223529583e-01
5.540800000000000182e+03 -9.213066507430145435e-01
5.541399999999999636e+03 -1.017030832870512991e-01
5.542000000000000000e+03 1.453967447004738345e+00
5.542600000000000364e+03 1.891932138814402808e-01
5.543199999999999818e+03 6.084075535150820224e-01
5.543800000000000182e+03 3.152349606461869458e-01
5.544399999999999636e+03 -7.446451407829132729e-02
5.545000000000000000e+03 3.210137302560568950e-01
5.545600000000000364e+03 1.356103125146418398e-01
5.546199999999999818e+03 -1.055616590649410547e-01
5.546800000000000182e+03 9.868785231094281407e-01
5.547399999999999636e+03 5.469830081942911315e-01
5.548000000000000000e+03 1.923197825617456891e+00
5.548600000000000364e+03 7.015480502245038386e-01
5.549199999999999818e+03 5.829421329725470446e-01
5.549800000000000182e+03 -1.055467622681643514e+00
5.550399999999999636e+03 -1.017885009653894668e-01
5.551000000000000000e+03 1.805144337487540884e-02
5.551600000000000364e+03 6.916303200411424434e-01
5.552199999999999818e+03 -6.133783805674867251e-01
5.552800000000000182e+03 -7.792019625448596276e-01
5.553399999999999636e+03 6.905631902024547131e-01
5.554000000000000000e+03 -1.374042742076900525e-01
5.554600000000000364e+03 5.533549204413310552e-01
5.555199999999999818e+03 -9.574099063410398402e-01
5.555800000000000182e+03 1.249439940803909188e-01
5.556399999999999636e+03 2.474256110400784026e-02
5.557000000000000000e+03 3.225348485682833499e-01
5.557600000000000364e+03 -8.589547604112595103e-01
5.558199999999999818e+03 3.140809001618850849e-02
5.558800000000000182e+03 1.133228055668279444e-01
5.559399999999999636e+03 1.041692010404385998e-01
5.560000000000000000e+03 8.553679724704676968e-02
5.560600000000000364e+03 -1.571764258605942710e-01
5.561199999999999818e+03 -8.126362427257893817e-03
5.561800000000000182e+03 -4.808915207545589321e-01
5.562399999999999636e+03 5.412688650615941066e-01
5.563000000000000000e+03 4.900414895288623951e-02
5.563600000000000364e+03 -4.885548584539824990e-01
5.564199999999999818e+03 -8.669802454282604653e-02
5.564800000000000182e+03 -4.982553579033123237e-01
5.565399999999999636e+03 -4.105289981198818605e-01
5.566000000000000000e+03 -8.561551107498444058e-02
5.566600000000000364e+03 -4.096042776556522713e-01
5.567199999999999818e+03 -2.812418325614529646e-01
5.567800000000000182e+03 7.591652629514537010e-01
5.568399999999999636e+03 4.769689394936542093e-01
5.569000000000000000e+03 1.807442201246875144e-02
5.569600000000000364e+03 -4.261166980764415357e-01
5.570199999999999818e+03 1.315217338608515585e-01
5.570800000000000182e+03 -7.491868623564874596e-01
5.571399999999999636e+03 -9.403873397951174884e-02
5.572000000000000000e+03 -1.776574121603646528e-01
5.572600000000000364e+03 -8.386636319000735362e-01
5.573199999999999818e+03 1.958374864536012450e-01
5.573800000000000182e+03 -1.421160590602263407e-01
5.574399999999999636e+03 1.797249538082579257e-02
5.575000000000000000e+03 -1.316615907330679347e-01
5.575600000000000364e+03 1.104590344247780159e-01
5.576199999999999818e+03 -2.896052370370530982e-01
5.576800000000000182e+03 9.499472858929461916e-01
5.577399999999999636e+03 -1.116802528055044208e+00
5.578000000000000000e+03 -2.670426545993729306e-01
5.578600000000000364e+03 2.444492300277626151e-01
5.579199999999999818e+03 -8.451969309547137099e-01
5.579800000000000182e+03 2.363310792147090833e-01
5.580399999999999636e+03 -2.430416970470157811e-01
5.581000000000000000e+03 -8.628698037268857091e-01
5.581600000000000364e+03 1.229241675699571379e-01
5.582199999999999818e+03 -3.709901202478715909e-01
5.582800000000000182e+03 1.682758836616377596e-01
5.583399999999999636e+03 1.663519040041362973e-01
5.584000000000000000e+03 6.172307219775318154e-01
5.584600000000000364e+03 2.358191237169202370e-01
5.585199999999999818e+03 4.416905339355031157e-01
5.585800000000000182e+03 1.743168856615950890e-01
5.586399999999999636e+03 -4.775610355194264134e-01
5.587000000000000000e+03 -2.379362281704979765e-01
5.587600000000000364e+03 2.679085050206613805e-01
5.588199999999999818e+03 6.549547561925377348e-01
5.588800000000000182e+03 9.765614539239626524e-01
5.589399999999999636e+03 3.427493760539455231e-02
5.590000000000000000e+03 6.965778916792775277e-02
5.590600000000000364e+03 -4.429175570014171059e-02
5.591199999999999818e+03 -8.586783684905210379e-01
5.591800000000000182e+03 -3.196505635032959036e-01
5.592399999999999636e+03 2.100462764776788172e-01
5.593000000000000000e+03 -4.603413199483428198e-01
5.593600000000000364e+03 2.647317374121329059e-01
5.594199999999999818e+03 4.862431645100617761e-01
5.594800000000000182e+03 -1.879531849272159660e-01
5.595399999999999636e+03 -2.987990674604376617e-01
5.596000000000000000e+03 -1.365515863423697185e-01
5.596600000000000364e+03 -2.064476254970683267e-01
5.597199999999999818e+03 6.031649716016740381e-01
5.597800000000000182e+03 4.675662550847888843e-01
5.598399999999999636e+03 -2.637802592693667680e-01
5.599000000000000000e+03 9.957520871408382934e-01
5.599600000000000364e+03 -1.182338429790602830e-01
5.600199999999999818e+03 2.515417703469652322e-01
5.600800000000000182e+03 -3.337841766742816740e-01
5.601399999999999636e+03 -4.446639060236374785e-01
5.602000000000000000e+03 -2.972641276464575016e-02
5.602600000000000364e+03 -3.861064185804560234e-01
5.603199999999999818e+03 -4.378331430405140168e-01
5.603800000000000182e+03 -2.897942659157475287e-01
5.604399999999999636e+03 -1.322718860524197196e-02
5.605000000000000000e+03 -7.463931208937591988e-01
5.605600000000000364e+03 -1.108124316220814309e+00
5.606199999999999818e+03 3.592559483651173169e-01
5.606800000000000182e+03 5.262638932534823288e-01
5.607399999999999636e+03 8.933463249939389492e-03
5.608000000000000000e+03 -3.688096037566529831e-03
5.608600000000000364e+03 6.046159289430077521e-01
5.609199999999999818e+03 -6.746470383203073684e-01
5.609800000000000182e+03 -7.036368369995475991e-01
5.610399999999999636e+03 -2.792764940940079543e-01
5.611000000000000000e+03 -9.496157119388399792e-01
5.611600000000000364e+03 -1.255174173693987427e+00
5.612199999999999818e+03 3.171287116089114844e-01
5.612800000000000182e+03 1.099873367107003924e-01
5.613399999999999636e+03 1.685395530705394718e-01
5.614000000000000000e+03 -5.947256699904706068e-01
5.614600000000000364e+03 -7.840536076738288118e-01
5.615199999999999818e+03 1.902600195956271611e-01
5.615800000000000182e+03 6.551532120478517074e-01
5.616399999999999636e+03 2.225656802274340595e-01
5.617000000000000000e+03 2.244412706285559556e-01
5.617600000000000364e+03 -4.675934904982630980e-01
5.618199999999999818e+03 5.431078242087176156e-01
5.618800000000000182e+03 -6.499916225100348388e-01
5.619399999999999636e+03 6.751582278990306829e-01
5.620000000000000000e+03 -7.252894897549179154e-01
5.620600000000000364e+03 -2.075603150229338445e-01
5.621199999999999818e+03 -3.158673171211962560e-01
5.621800000000000182e+03 -2.955119999958009669e-01
5.622399999999999636e+03 1.291624807600495195e-01
5.623000000000000000e+03 6.213267926996030033e-01
5.623600000000000364e+03 6.498562760437368024e-02
5.624199999999999818e+03 -7.040904653935484703e-01
5.624800000000000182e+03 1.418621978781124671e-01
5.625399999999999636e+03 -1.373286770758235242e-01
5.626000000000000000e+03 -1.842946922078211314e-01
5.626600000000000364e+03 -6.688854046244948615e-01
5.627199999999999818e+03 -6.672783913935848021e-01
5.627800000000000182e+03 9.945472630711044495e-03
5.628399999999999636e+03 9.403553978634938970e-02
5.629000000000000000e+03 -8.362066737606157485e-01
5.629600000000000364e+03 8.746685707368168083e-01
5.630199999999999818e+03 2.611852896549072822e-01
5.630800000000000182e+03 -3.924905524272140345e-01
5.631399999999999636e+03 5.000840953264986677e-01
5.632000000000000000e+03 -2.475473709001935751e-01
5.632600000000000364e+03 3.575875096599140379e-01
5.633199999999999818e+03 4.205275145720230867e-01
5.633800000000000182e+03 9.408355574234339436e-02
5.634399999999999636e+03 -1.666764994084016793e-01
5.635000000000000000e+03 -9.797809935515503499e-01
5.635600000000000364e+03 3.620241063376317125e-01
5.636199999999999818e+03 4.156030981702063531e-01
5.636800000000000182e+03 -7.482683499210455169e-01
5.637399999999999636e+03 -6.066996367290823367e-01
5.638000000000000000e+03 3.793566973552013333e-01
5.638600000000000364e+03 8.522762219411088580e-01
5.639199999999999818e+03 8.054218675265323313e-01
5.639800000000000182e+03 3.414073369022643800e-01
5.640399999999999636e+03 2.623926007960777351e-01
5.641000000000000000e+03 6.033102335925395465e-01
5.641600000000000364e+03 8.749165601275716853e-01
5.642199999999999818e+03 7.945719234857785418e-01
5.642800000000000182e+03 6.926673266800635609e-02
5.643399999999999636e+03 2.216836403439987821e-03
5.644000000000000000e+03 -1.111895195728703351e-01
5.644600000000000364e+03 7.463979739415693704e-02
5.645199999999999818e+03 9.970568991015757443e-02
5.645800000000000182e+03 8.351053515708660724e-01
5.646399999999999636e+03 -5.182264467686627935e-03
5.647000000000000000e+03 -2.550269111276790013e-01
5.647600000000000364e+03 3.238695238231386053e-01
5.648199999999999818e+03 -3.484754162548551748e-01
5.648800000000000182e+03 5.651926029264827678e-01
5.649399999999999636e+03 2.474976165417145935e-01
5.650000000000000000e+03 -3.944270676092122008e-01
5.650600000000000364e+03 8.211965596266747047e-01
5.651199999999999818e+03 -1.526782062053287647e-01
5.651800000000000182e+03 -6.362143161357467491e-01
5.652399999999999636e+03 -3.215378866113778877e-01
5.653000000000000000e+03 -9.668085260445662410e-01
5.653600000000000364e+03 3.250235645215811542e-01
5.654199999999999818e+03 -3.451006035838982133e-01
5.654800000000000182e+03 2.134685914079443095e-02
5.655399999999999636e+03 4.940591128588591174e-01
5.656000000000000000e+03 2.734900495930158160e-01
5.656600000000000364e+03 3.514884634193942703e-01
5.657199999999999818e+03 -4.325658698797715251e-01
5.657800000000000182e+03 -2.794708830246837583e-01
5.658399999999999636e+03 -3.762102479581445891e-02
5.659000000000000000e+03 -6.415397659060777524e-01
5.659600000000000364e+03 4.527158076665884212e-01
5.660199999999999818e+03 1.949192963614052865e-01
5.660800000000000182e+03 5.630120666234237348e-01
5.661399999999999636e+03 -1.241132657698590241e-01
5.662000000000000000e+03 -7.801837833000566103e-02
5.662600000000000364e+03 9.119111972522220277e-01
5.663199999999999818e+03 1.934994036159756459e-01
5.663800000000000182e+03 9.616812316443569264e-01
5.664399999999999636e+03 1.211572151312097168e+00
5.665000000000000000e+03 -1.365658725774489546e-01
5.665600000000000364e+03 -4.747274675350389717e-01
5.666199999999999818e+03 2.300742226512747235e-01
5.666800000000000182e+03 -7.420549951122573651e-01
5.667399999999999636e+03 -3.822454952432780551e-01
5.668000000000000000e+03 -3.288718066917739047e-01
5.668600000000000364e+03 -1.182927934440765744e-01
5.669199999999999818e+03 9.314708615067959774e-02
5.669800000000000182e+03 -4.276318900984975580e-01
5.670399999999999636e+03 3.476346454745727899e-01
5.671000000000000000e+03 4.026301933855510606e-01
5.671600000000000364e+03 2.536370214805847012e-01
5.672199999999999818e+03 2.666560675135269953e-01
5.672800000000000182e+03 4.014096137159670757e-02
5.673399999999999636e+03 1.866347141372391161e-01
5.674000000000000000e+03 2.290634586175289700e-01
5.674600000000000364e+03 -7.394120723211076163e-01
5.675199999999999818e+03 -5.248051343750397002e-02
5.675800000000000182e+03 -7.828886216343344806e-01
5.676399999999999636e+03 -3.777663488124093916e-01
5.677000000000000000e+03 7.334169913777859318e-01
5.677600000000000364e+03 4.918540876110167881e-01
5.678199999999999818e+03 3.857421433196914912e-02
5.678800000000000182e+03 -4.179725033777021981e-01
5.679399999999999636e+03 6.170045555246722602e-01
5.680000000000000000e+03 -5.693210999666475924e-01
5.680600000000000364e+03 -1.194056952527241811e-01
5.681199999999999818e+03 -6.409766742271100215e-01
5.681800000000000182e+03 6.752396817287241726e-01
5.682399999999999636e+03 1.359988938338710096e-01
5.683000000000000000e+03 -3.857296709367584731e-01
5.683600000000000364e+03 -4.028090155146587525e-01
5.684199999999999818e+03 -1.602697425448786073e-01
5.684800000000000182e+03 3.753260921146043261e-01
5.685399999999999636e+03 6.465527870351860384e-01
5.686000000000000000e+03 -2.956752852620618266e-01
5.686600000000000364e+03 -6.311117079735313329e-01
5.687199999999999818e+03 -2.731629874479938880e-01
5.687800000000000182e+03 -1.167695102087999703e-01
5.688399999999999636e+03 1.127388514349705328e+00
5.689000000000000000e+03 1.053310713922342295e-01
5.689600000000000364e+03 4.697726635420601538e-01
5.690199999999999818e+03 2.616900907436302548e-01
5.690800000000000182e+03 -6.183874294214342093e-01
5.691399999999999636e+03 1.821655296068487306e-01
5.692000000000000000e+03 -5.603012350340232928e-01
5.692600000000000364e+03 2.801967544706558400e-01
5.693199999999999818e+03 4.302363556304684145e-01
5.693800000000000182e+03 9.023198624381336685e-01
5.694399999999999636e+03 -9.436515361877905184e-01
5.695000000000000000e+03 -1.155044249722057659e+00
5.695600000000000364e+03 -7.548418871666312535e-01
5.696199999999999818e+03 4.659321567976254519e-01
5.696800000000000182e+03 1.613755498436429126e-01
5.697399999999999636e+03 -1.376360701895777694e-01
5.698000000000000000e+03 -5.061390983069908867e-01
5.698600000000000364e+03 -2.525837772757927313e-01
5.699199999999999818e+03 7.363820435836310185e-01
5.699800000000000182e+03 3.002426347169132592e-01
5.700399999999999636e+03 -5.908883564392836130e-01
5.701000000000000000e+03 3.016377014861173350e-02
5.701600000000000364e+03 -7.516027472361642703e-01
5.702199999999999818e+03 1.603342216829238553e-01
5.702800000000000182e+03 -1.306131778662661114e-01
5.703399999999999636e+03 6.736911780150891538e-01
5.704000000000000000e+03 -4.208363794348281284e-02
5.704600000000000364e+03 6.186860229812100043e-01
5.705199999999999818e+03 5.031055816985399165e-01
5.705800000000000182e+03 -2.137320822389169872e-01
5.706399999999999636e+03 -1.019148627957214615e+00
5.707000000000000000e+03 -3.261432560328713093e-01
5.707600000000000364e+03 -3.528139842531202164e-01
5.708199999999999818e+03 -5.821584514393740584e-01
5.708800000000000182e+03 -4.654613310444263297e-01
5.709399999999999636e+03 -7.162762425456635773e-01
5.710000000000000000e+03 3.232356411722147604e-01
5.710600000000000364e+03 -5.696028439483222794e-01
5.711199999999999818e+03 2.887801405963604240e-01
5.711800000000000182e+03 -7.517700232233981428e-02
5.712399999999999636e+03 -2.716279893846663129e-01
5.713000000000000000e+03 -2.051107440280378336e-01
5.713600000000000364e+03 -4.318998084680018140e-02
5.714199999999999818e+03 -4.392175636728943844e-01
5.714800000000000182e+03 -5.193824579947433628e-01
5.715399999999999636e+03 -6.048442368749530340e-01
5.716000000000000000e+03 3.800175637675319296e-01
5.716600000000000364e+03 6.220680619965494873e-02
5.717199999999999818e+03 -7.332116007622951903e-01
5.717800000000000182e+03 -2.731590309751968371e-01
5.718399999999999636e+03 -1.013673712732831439e-01
5.719000000000000000e+03 -1.806907053282323650e-01
5.719600000000000364e+03 5.143874833175568484e-02
5.720199999999999818e+03 2.238882675893558716e-01
5.720800000000000182e+03 2.709429482633618491e-01
5.721399999999999636e+03 -3.795461513816866250e-01
5.722000000000000000e+03 -2.306669306090032845e-01
5.722600000000000364e+03 2.730050485380497993e-01
5.723199999999999818e+03 1.586766559337191018e-01
5.723800000000000182e+03 6.160315783219372232e-01
5.724399999999999636e+03 9.212010887603823139e-01
5.725000000000000000e+03 -1.367546071456782475e-01
5.725600000000000364e+03 3.445181152279059300e-01
5.726199999999999818e+03 -8.725385616757335150e-01
5.726800000000000182e+03 -6.019502499134268270e-01
5.727399999999999636e+03 2.576843428879273534e-01
5.728000000000000000e+03 1.055399838243914701e+00
5.728600000000000364e+03 -9.437915364785224442e-03
5.729199999999999818e+03 -4.331966171066522486e-01
5.729800000000000182e+03 -2.260535583858440667e-01
5.730399999999999636e+03 1.203486517038488079e+00
5.731000000000000000e+03 1.107593583842878399e-01
5.731600000000000364e+03 -4.728406648128948286e-01
5.732199999999999818e+03 7.263005942826794570e-01
5.732800000000000182e+03 1.360723075372649582e-01
5.733399999999999636e+03 2.263229608452097807e-01
5.734000000000000000e+03 4.289324170271618941e-02
5.734600000000000364e+03 4.642996618427409072e-01
5.735199999999999818e+03 -1.327234368528473207e-01
5.735800000000000182e+03 -1.638673446595270977e-01
5.736399999999999636e+03 -3.460612989023049146e-01
5.737000000000000000e+03 -7.740793616609321637e-01
5.737600000000000364e+03 -5.780337846930773127e-01
5.738199999999999818e+03 2.325405312852148743e-01
5.738800000000000182e+03 -8.606731555654506538e-02
5.739399999999999636e+03 -1.894883955596729855e-02
5.740000000000000000e+03 -1.681805472204815355e-01
5.740600000000000364e+03 7.022363031553371937e-02
5.741199999999999818e+03 5.879579083023851460e-01
5.741800000000000182e+03 3.411170050320283531e-01
5.742399999999999636e+03 -2.927968305250597814e-01
5.743000000000000000e+03 -6.790628291493935320e-01
5.743600000000000364e+03 4.581826672151824709e-01
5.744199999999999818e+03 1.154929685056804711e+00
5.744800000000000182e+03 1.925989937638311889e-01
5.745399999999999636e+03 -4.250987399334225231e-02
5.746000000000000000e+03 4.055250539740858917e-01
5.746600000000000364e+03 -2.655491029784106116e-01
5.747199999999999818e+03 -6.736637448619147150e-01
5.747800000000000182e+03 6.879439401398591836e-02
5.748399999999999636e+03 1.731623673946298125e-01
5.749000000000000000e+03 1.743538766145353303e-01
5.749600000000000364e+03 6.372367541239776223e-01
5.750199999999999818e+03 6.125101802407634244e-01
5.750800000000000182e+03 -8.088518268964162150e-02
5.751399999999999636e+03 8.720139102251840413e-01
5.752000000000000000e+03 -2.753084862251037879e-01
5.752600000000000364e+03 -2.722190467503793898e-01
5.753199999999999818e+03 7.580623840318507778e-01
5.753800000000000182e+03 -3.070102707221156746e-01
5.754399999999999636e+03 2.903111929040137484e-01
5.755000000000000000e+03 8.090820774718866515e-01
5.755600000000000364e+03 7.511383216442419908e-01
5.756199999999999818e+03 1.453643611132171831e-01
5.756800000000000182e+03 1.495188433596492394e-01
5.757399999999999636e+03 5.379068392005331711e-01
5.758000000000000000e+03 -4.641540959497815477e-02
5.758600000000000364e+03 1.115314049411577080e-01
5.759199999999999818e+03 8.154495311564563531e-02
5.759800000000000182e+03 -6.192668109962193856e-01
5.760399999999999636e+03 1.886862728730817271e-02
5.761000000000000000e+03 6.067926699036491067e-01
5.761600000000000364e+03 -3.247437244056303185e-01
5.762199999999999818e+03 -3.160055226851551935e-01
5.762800000000000182e+03 3.401768574510772303e-01
5.763399999999999636e+03 -3.634301965249508437e-01
5.764000000000000000e+03 2.542898540084316261e-01
5.764600000000000364e+03 4.552374908246005214e-01
5.765199999999999818e+03 4.537212545463684688e-01
5.765800000000000182e+03 -3.714746044543566494e-01
5.766399999999999636e+03 5.179841701164521472e-01
5.767000000000000000e+03 -1.540213667051548718e-01
5.767600000000000364e+03 3.259662448984763095e-01
5.768199999999999818e+03 -9.394825192917534151e-01
5.768800000000000182e+03 -4.408481222827922985e-01
5.769399999999999636e+03 5.567435568625849207e-01
5.770000000000000000e+03 -6.992353023011187987e-04
5.770600000000000364e+03 -6.998941901239912333e-01
5.771199999999999818e+03 -1.306098260527037702e-01
5.771800000000000182e+03 6.981369370619376902e-01
5.772399999999999636e+03 -3.503555865470127095e-01
5.773000000000000000e+03 5.941645986089175713e-01
5.773600000000000364e+03 -3.146387635571476493e-01
5.774199999999999818e+03 -1.143031601345420589e-01
5.774800000000000182e+03 -5.905464541281699731e-01
5.775399999999999636e+03 1.574910057977042810e-01
5.776000000000000000e+03 6.025274022896903725e-01
5.776600000000000364e+03 3.658627554797539427e-01
5.777199999999999818e+03 8.147514349008172507e-01
5.777800000000000182e+03 2.691342976764349304e-01
5.778399999999999636e+03 2.843750440130165744e-02
5.779000000000000000e+03 1.001523221050802104e-01
5.779600000000000364e+03 9.315314067471233694e-02
5.780199999999999818e+03 3.256914995064824625e-01
5.780800000000000182e+03 -6.950304041069991223e-01
5.781399999999999636e+03 -1.220502433546937882e+00
5.782000000000000000e+03 -8.119057476456653655e-02
5.782600000000000364e+03 7.387486516090930877e-01
5.783199999999999818e+03 3.388846474926562879e-01
5.783800000000000182e+03 5.962423637011657895e-01
5.784399999999999636e+03 6.340456139078639586e-01
5.785000000000000000e+03 6.554321892458240262e-01
5.785600000000000364e+03 5.657599016576856377e-01
5.786199999999999818e+03 -6.239188147429310938e-01
5.786800000000000182e+03 -1.921399674302857186e-01
5.787399999999999636e+03 4.137889940931026023e-01
5.788000000000000000e+03 7.303810815884201890e-01
5.788600000000000364e+03 4.628137298128932042e-01
5.789199999999999818e+03 -3.380764516072408687e-01
5.789800000000000182e+03 5.706227943054690277e-01
5.790399999999999636e+03 -3.414655021070681085e-01
5.791000000000000000e+03 -7.074208268574827541e-01
5.791600000000000364e+03 4.869011528312855441e-01
5.792199999999999818e+03 7.997741468680020782e-01
5.792800000000000182e+03 -4.197267257243242344e-01
5.793399999999999636e+03 3.884076894854972539e-01
5.794000000000000000e+03 1.478337716373943622e-01
5.794600000000000364e+03 -6.038647070741089973e-01
5.795199999999999818e+03 1.739766318578485627e-01
5.795800000000000182e+03 -2.339129034828220655e-01
5.796399999999999636e+03 -6.942169532480301219e-01
5.797000000000000000e+03 -8.896177916016215770e-01
5.797600000000000364e+03 4.719080770012917814e-01
5.798199999999999818e+03 5.922378924758535668e-01
5.798800000000000182e+03 1.228580743818725486e-02
5.799399999999999636e+03 -1.166472774036768190e+00
5.800000000000000000e+03 -1.021172684630092586e+00
